6.174609375000000000e+01
1.202500000000000000e+02
6.280078125000000000e+01
1.412500000000000000e+02
6.385546875000000000e+01
1.607500000000000000e+02
6.596484375000000000e+01
1.832500000000000000e+02
7.545703125000000000e+01
1.997500000000000000e+02
8.705859375000000000e+01
2.102500000000000000e+02
1.007695312500000000e+02
2.192500000000000000e+02
1.155351562500000000e+02
2.252500000000000000e+02
1.313554687500000000e+02
2.252500000000000000e+02
1.450664062500000000e+02
2.252500000000000000e+02
1.577226562500000000e+02
2.177500000000000000e+02
1.682695312500000000e+02
2.072500000000000000e+02
1.788164062500000000e+02
1.952500000000000000e+02
1.861992187500000000e+02
1.787500000000000000e+02
1.883085937500000000e+02
1.607500000000000000e+02
1.883085937500000000e+02
1.427500000000000000e+02
1.883085937500000000e+02
1.217500000000000000e+02
7.545703125000000000e+01
1.082500000000000000e+02
8.442187500000000000e+01
1.037500000000000000e+02
9.338671875000000000e+01
1.045000000000000000e+02
1.028789062500000000e+02
1.067500000000000000e+02
1.134257812500000000e+02
1.112500000000000000e+02
1.434843750000000000e+02
1.127500000000000000e+02
1.540312500000000000e+02
1.112500000000000000e+02
1.640507812500000000e+02
1.097500000000000000e+02
1.740703125000000000e+02
1.082500000000000000e+02
1.840898437500000000e+02
1.142500000000000000e+02
1.303007812500000000e+02
1.217500000000000000e+02
1.303007812500000000e+02
1.352500000000000000e+02
1.313554687500000000e+02
1.487500000000000000e+02
1.313554687500000000e+02
1.622500000000000000e+02
1.144804687500000000e+02
1.667500000000000000e+02
1.218632812500000000e+02
1.697500000000000000e+02
1.303007812500000000e+02
1.727500000000000000e+02
1.376835937500000000e+02
1.697500000000000000e+02
1.440117187500000000e+02
1.682500000000000000e+02
8.283984375000000000e+01
1.202500000000000000e+02
8.916796875000000000e+01
1.142500000000000000e+02
1.039335937500000000e+02
1.157500000000000000e+02
1.102617187500000000e+02
1.217500000000000000e+02
1.028789062500000000e+02
1.232500000000000000e+02
8.916796875000000000e+01
1.232500000000000000e+02
1.471757812500000000e+02
1.232500000000000000e+02
1.535039062500000000e+02
1.172500000000000000e+02
1.661601562500000000e+02
1.187500000000000000e+02
1.735429687500000000e+02
1.232500000000000000e+02
1.672148437500000000e+02
1.247500000000000000e+02
1.545585937500000000e+02
1.247500000000000000e+02
1.007695312500000000e+02
1.907500000000000000e+02
1.134257812500000000e+02
1.877500000000000000e+02
1.260820312500000000e+02
1.862500000000000000e+02
1.303007812500000000e+02
1.862500000000000000e+02
1.345195312500000000e+02
1.862500000000000000e+02
1.461210937500000000e+02
1.877500000000000000e+02
1.577226562500000000e+02
1.907500000000000000e+02
1.492851562500000000e+02
1.967500000000000000e+02
1.397929687500000000e+02
2.027500000000000000e+02
1.303007812500000000e+02
2.057500000000000000e+02
1.197539062500000000e+02
2.042500000000000000e+02
1.102617187500000000e+02
1.982500000000000000e+02
1.028789062500000000e+02
1.907500000000000000e+02
1.165898437500000000e+02
1.922500000000000000e+02
1.303007812500000000e+02
1.937500000000000000e+02
1.429570312500000000e+02
1.922500000000000000e+02
1.556132812500000000e+02
1.907500000000000000e+02
1.429570312500000000e+02
1.922500000000000000e+02
1.303007812500000000e+02
1.937500000000000000e+02
1.165898437500000000e+02
1.922500000000000000e+02
