6.039453125000000000e+01
1.191210937500000000e+02
6.039453125000000000e+01
1.378242187500000000e+02
6.039453125000000000e+01
1.551914062500000000e+02
6.137109375000000000e+01
1.779023437500000000e+02
6.820703125000000000e+01
1.966054687500000000e+02
7.992578125000000000e+01
2.099648437500000000e+02
9.359765625000000000e+01
2.193164062500000000e+02
1.092226562500000000e+02
2.246601562500000000e+02
1.248476562500000000e+02
2.246601562500000000e+02
1.375429687500000000e+02
2.233242187500000000e+02
1.492617187500000000e+02
2.153085937500000000e+02
1.590273437500000000e+02
2.046210937500000000e+02
1.668398437500000000e+02
1.899257812500000000e+02
1.717226562500000000e+02
1.752304687500000000e+02
1.756289062500000000e+02
1.578632812500000000e+02
1.775820312500000000e+02
1.404960937500000000e+02
1.775820312500000000e+02
1.244648437500000000e+02
7.211328125000000000e+01
1.111054687500000000e+02
8.236718750000000000e+01
1.050937500000000000e+02
9.799218750000000000e+01
1.037578125000000000e+02
1.116640625000000000e+02
1.044257812500000000e+02
1.219179687500000000e+02
1.077656250000000000e+02
1.438906250000000000e+02
1.104375000000000000e+02
1.521914062500000000e+02
1.091015625000000000e+02
1.600039062500000000e+02
1.091015625000000000e+02
1.683046875000000000e+02
1.084335937500000000e+02
1.756289062500000000e+02
1.137773437500000000e+02
1.326601562500000000e+02
1.217929687500000000e+02
1.316835937500000000e+02
1.364882812500000000e+02
1.316835937500000000e+02
1.511835937500000000e+02
1.307070312500000000e+02
1.658789062500000000e+02
1.121523437500000000e+02
1.672148437500000000e+02
1.209414062500000000e+02
1.685507812500000000e+02
1.287539062500000000e+02
1.725585937500000000e+02
1.346132812500000000e+02
1.712226562500000000e+02
1.404726562500000000e+02
1.685507812500000000e+02
8.676171875000000000e+01
1.177851562500000000e+02
9.359765625000000000e+01
1.137773437500000000e+02
1.072695312500000000e+02
1.151132812500000000e+02
1.131289062500000000e+02
1.217929687500000000e+02
1.062929687500000000e+02
1.231289062500000000e+02
9.262109375000000000e+01
1.217929687500000000e+02
1.463320312500000000e+02
1.244648437500000000e+02
1.521914062500000000e+02
1.191210937500000000e+02
1.639101562500000000e+02
1.191210937500000000e+02
1.678164062500000000e+02
1.231289062500000000e+02
1.639101562500000000e+02
1.271367187500000000e+02
1.521914062500000000e+02
1.271367187500000000e+02
1.004335937500000000e+02
1.859179687500000000e+02
1.111757812500000000e+02
1.845820312500000000e+02
1.228945312500000000e+02
1.819101562500000000e+02
1.268007812500000000e+02
1.832460937500000000e+02
1.307070312500000000e+02
1.832460937500000000e+02
1.394960937500000000e+02
1.845820312500000000e+02
1.463320312500000000e+02
1.885898437500000000e+02
1.404726562500000000e+02
1.925976562500000000e+02
1.336367187500000000e+02
1.952695312500000000e+02
1.258242187500000000e+02
1.966054687500000000e+02
1.170351562500000000e+02
1.952695312500000000e+02
1.092226562500000000e+02
1.912617187500000000e+02
1.014101562500000000e+02
1.859179687500000000e+02
1.141054687500000000e+02
1.872539062500000000e+02
1.268007812500000000e+02
1.885898437500000000e+02
1.365664062500000000e+02
1.885898437500000000e+02
1.453554687500000000e+02
1.885898437500000000e+02
1.365664062500000000e+02
1.885898437500000000e+02
1.268007812500000000e+02
1.885898437500000000e+02
1.141054687500000000e+02
1.872539062500000000e+02
