5.842968750000000000e+01
1.181406250000000000e+02
5.842968750000000000e+01
1.382968750000000000e+02
5.842968750000000000e+01
1.557656250000000000e+02
5.941406250000000000e+01
1.786093750000000000e+02
6.728906250000000000e+01
1.974218750000000000e+02
7.910156250000000000e+01
2.108593750000000000e+02
9.189843750000000000e+01
2.202656250000000000e+02
1.086328125000000000e+02
2.256406250000000000e+02
1.243828125000000000e+02
2.256406250000000000e+02
1.371796875000000000e+02
2.242968750000000000e+02
1.489921875000000000e+02
2.162343750000000000e+02
1.588359375000000000e+02
2.054843750000000000e+02
1.667109375000000000e+02
1.907031250000000000e+02
1.716328125000000000e+02
1.759218750000000000e+02
1.755703125000000000e+02
1.584531250000000000e+02
1.765546875000000000e+02
1.409843750000000000e+02
1.765546875000000000e+02
1.248593750000000000e+02
7.122656250000000000e+01
1.114218750000000000e+02
8.156250000000000000e+01
1.053750000000000000e+02
9.780468750000000000e+01
1.040312500000000000e+02
1.106015625000000000e+02
1.047031250000000000e+02
1.214296875000000000e+02
1.080625000000000000e+02
1.430859375000000000e+02
1.107500000000000000e+02
1.519453125000000000e+02
1.107500000000000000e+02
1.598203125000000000e+02
1.094062500000000000e+02
1.676953125000000000e+02
1.094062500000000000e+02
1.755703125000000000e+02
1.141093750000000000e+02
1.322578125000000000e+02
1.221718750000000000e+02
1.312734375000000000e+02
1.369531250000000000e+02
1.312734375000000000e+02
1.517343750000000000e+02
1.302890625000000000e+02
1.665156250000000000e+02
1.115859375000000000e+02
1.678593750000000000e+02
1.204453125000000000e+02
1.692031250000000000e+02
1.283203125000000000e+02
1.732343750000000000e+02
1.342265625000000000e+02
1.718906250000000000e+02
1.401328125000000000e+02
1.692031250000000000e+02
8.697656250000000000e+01
1.181406250000000000e+02
9.288281250000000000e+01
1.141093750000000000e+02
1.066640625000000000e+02
1.154531250000000000e+02
1.125703125000000000e+02
1.221718750000000000e+02
1.056796875000000000e+02
1.235156250000000000e+02
9.189843750000000000e+01
1.221718750000000000e+02
1.460390625000000000e+02
1.248593750000000000e+02
1.519453125000000000e+02
1.194843750000000000e+02
1.637578125000000000e+02
1.208281250000000000e+02
1.676953125000000000e+02
1.248593750000000000e+02
1.627734375000000000e+02
1.275468750000000000e+02
1.519453125000000000e+02
1.275468750000000000e+02
9.977343750000000000e+01
1.866718750000000000e+02
1.106015625000000000e+02
1.853281250000000000e+02
1.224140625000000000e+02
1.826406250000000000e+02
1.263515625000000000e+02
1.839843750000000000e+02
1.302890625000000000e+02
1.839843750000000000e+02
1.391484375000000000e+02
1.866718750000000000e+02
1.460390625000000000e+02
1.893593750000000000e+02
1.401328125000000000e+02
1.933906250000000000e+02
1.332421875000000000e+02
1.960781250000000000e+02
1.253671875000000000e+02
1.974218750000000000e+02
1.165078125000000000e+02
1.960781250000000000e+02
1.076484375000000000e+02
1.920468750000000000e+02
1.007578125000000000e+02
1.866718750000000000e+02
1.135546875000000000e+02
1.880156250000000000e+02
1.263515625000000000e+02
1.893593750000000000e+02
1.361953125000000000e+02
1.893593750000000000e+02
1.450546875000000000e+02
1.893593750000000000e+02
1.361953125000000000e+02
1.893593750000000000e+02
1.263515625000000000e+02
1.893593750000000000e+02
1.135546875000000000e+02
1.880156250000000000e+02
